        2024/02/02_PM_02:30:50      0.0           +9.396E+00           +5.213E-02 
        2024/02/02_PM_02:30:50      0.5           +1.266E+01           +5.231E-02 
        2024/02/02_PM_02:30:51      1.0           +9.596E+00           +5.218E-02 
        2024/02/02_PM_02:30:51      1.5           +8.397E+00           +5.228E-02 
        2024/02/02_PM_02:30:51      2.0           +7.732E+00           +5.287E-02 
        2024/02/02_PM_02:30:52      2.5           +2.539E+00           +5.292E-02 
        2024/02/02_PM_02:30:52      3.0           +5.135E+00           +5.253E-02 
        2024/02/02_PM_02:30:53      3.5           +8.530E+00           +5.169E-02 
        2024/02/02_PM_02:30:53      4.0           +9.329E+00           +5.199E-02 
        2024/02/02_PM_02:30:54      4.5           +8.530E+00           +5.125E-02 
        2024/02/02_PM_02:30:54      5.0           +7.266E+00           +5.222E-02 
        2024/02/02_PM_02:30:55      5.5           +9.529E+00           +5.194E-02 
        2024/02/02_PM_02:30:55      6.0           +7.798E+00           +5.243E-02 
        2024/02/02_PM_02:30:56      6.5           +3.471E+00           +5.307E-02 
        2024/02/02_PM_02:30:56      7.0           +5.202E+00           +5.218E-02 
        2024/02/02_PM_02:30:57      7.5           +4.203E+00           +5.327E-02 
        2024/02/02_PM_02:30:57      8.0           +3.738E+00           +5.243E-02 
        2024/02/02_PM_02:30:58      8.5           +7.132E+00           +5.218E-02 
        2024/02/02_PM_02:30:58      9.0           +4.736E+00           +5.332E-02 
        2024/02/02_PM_02:30:59      9.5           +5.002E+00           +5.233E-02 
        2024/02/02_PM_02:30:59     10.0           +4.337E+00           +5.302E-02 
        2024/02/02_PM_02:31:00     10.5           +1.807E+00           +5.381E-02 
        2024/02/02_PM_02:31:00     11.0           +1.408E+00           +5.307E-02 
        2024/02/02_PM_02:31:01     11.5           +4.470E+00           +5.278E-02 
        2024/02/02_PM_02:31:01     12.0           +5.335E+00           +5.268E-02 
        2024/02/02_PM_02:31:02     12.5           +5.002E+00           +5.248E-02 
        2024/02/02_PM_02:31:02     13.0           +3.072E+00           +5.258E-02 
        2024/02/02_PM_02:31:03     13.5           +1.274E+00           +5.347E-02 
        2024/02/02_PM_02:31:03     14.0           +3.804E+00           +5.332E-02 
        2024/02/02_PM_02:31:04     14.5           -5.686E-02           +5.376E-02 
        2024/02/02_PM_02:31:04     15.0           -1.588E+00           +5.391E-02 
        2024/02/02_PM_02:31:05     15.5           -1.788E+00           +5.381E-02 
        2024/02/02_PM_02:31:05     16.0           -6.560E-01           +5.357E-02 
        2024/02/02_PM_02:31:06     16.5           -5.228E-01           +5.371E-02 
        2024/02/02_PM_02:31:06     17.0           +1.408E+00           +5.347E-02 
        2024/02/02_PM_02:31:06     17.5           +3.425E-01           +5.391E-02 
        2024/02/02_PM_02:31:07     18.0           +7.627E-02           +5.352E-02 
        2024/02/02_PM_02:31:07     18.5           +8.751E-01           +5.416E-02 
        2024/02/02_PM_02:31:08     19.0           -8.511E+00           +5.668E-02 
        2024/02/02_PM_02:31:08     19.5           -6.913E+00           +5.470E-02 
        2024/02/02_PM_02:31:09     20.0           +5.422E-01           +5.386E-02 
        2024/02/02_PM_02:31:09     20.5           +5.402E+00           +5.312E-02 
        2024/02/02_PM_02:31:10     21.0           +3.871E+00           +5.302E-02 
        2024/02/02_PM_02:31:10     21.5           +9.417E-01           +5.371E-02 
        2024/02/02_PM_02:31:11     22.0           +4.270E+00           +5.332E-02 
        2024/02/02_PM_02:31:11     22.5           +5.069E+00           +5.263E-02 
        2024/02/02_PM_02:31:12     23.0           +6.334E+00           +5.263E-02 
        2024/02/02_PM_02:31:12     23.5           +6.467E+00           +5.268E-02 
        2024/02/02_PM_02:31:13     24.0           +3.604E+00           +5.342E-02 
        2024/02/02_PM_02:31:13     24.5           +3.338E+00           +5.327E-02 
        2024/02/02_PM_02:31:14     25.0           +4.669E+00           +5.307E-02 
        2024/02/02_PM_02:31:14     25.5           +6.400E+00           +5.253E-02 
        2024/02/02_PM_02:31:15     26.0           +3.738E+00           +5.253E-02 
        2024/02/02_PM_02:31:15     26.5           +5.735E+00           +5.337E-02 
        2024/02/02_PM_02:31:16     27.0           +6.134E+00           +5.297E-02 
        2024/02/02_PM_02:31:16     27.5           +4.936E+00           +5.332E-02 
        2024/02/02_PM_02:31:17     28.0           +2.340E+00           +5.352E-02 
        2024/02/02_PM_02:31:17     28.5           -4.563E-01           +5.495E-02 
        2024/02/02_PM_02:31:18     29.0           -2.320E+00           +5.470E-02 
        2024/02/02_PM_02:31:18     29.5           -2.786E+00           +5.411E-02 
        2024/02/02_PM_02:31:19     30.0           +1.474E+00           +5.411E-02 
        2024/02/02_PM_02:31:19     30.5           -2.720E+00           +5.495E-02 
        2024/02/02_PM_02:31:20     31.0           -3.984E+00           +5.485E-02 
        2024/02/02_PM_02:31:20     31.5           +1.274E+00           +5.342E-02 
        2024/02/02_PM_02:31:21     32.0           +1.674E+00           +5.431E-02 
        2024/02/02_PM_02:31:21     32.5           -6.560E-01           +5.386E-02 
        2024/02/02_PM_02:31:21     33.0           +5.135E+00           +5.283E-02 
        2024/02/02_PM_02:31:22     33.5           +5.668E+00           +5.337E-02 
        2024/02/02_PM_02:31:22     34.0           +8.198E+00           +5.243E-02 
        2024/02/02_PM_02:31:23     34.5           +4.736E+00           +5.312E-02 
        2024/02/02_PM_02:31:23     35.0           +4.470E+00           +5.347E-02 
        2024/02/02_PM_02:31:24     35.5           +4.736E+00           +5.362E-02 
        2024/02/02_PM_02:31:24     36.0           +6.267E+00           +5.362E-02 
        2024/02/02_PM_02:31:25     36.5           +6.999E+00           +5.332E-02 
        2024/02/02_PM_02:31:25     37.0           +4.536E+00           +5.322E-02 
        2024/02/02_PM_02:31:26     37.5           +6.999E+00           +5.287E-02 
        2024/02/02_PM_02:31:26     38.0           +5.335E+00           +5.376E-02 
        2024/02/02_PM_02:31:27     38.5           +6.533E+00           +5.287E-02 
        2024/02/02_PM_02:31:27     39.0           +8.797E+00           +5.347E-02 
        2024/02/02_PM_02:31:28     39.5           -1.122E+00           +5.416E-02 
        2024/02/02_PM_02:31:28     40.0           -5.316E+00           +5.460E-02 
        2024/02/02_PM_02:31:29     40.5           +1.208E+00           +5.357E-02 
        2024/02/02_PM_02:31:29     41.0           +4.137E+00           +5.337E-02 
        2024/02/02_PM_02:31:30     41.5           +6.467E+00           +5.194E-02 
        2024/02/02_PM_02:31:30     42.0           +7.732E+00           +5.283E-02 
        2024/02/02_PM_02:31:31     42.5           +3.272E+00           +5.352E-02 
        2024/02/02_PM_02:31:31     43.0           +3.338E+00           +5.366E-02 
        2024/02/02_PM_02:31:32     43.5           +4.736E+00           +5.322E-02 
        2024/02/02_PM_02:31:32     44.0           +4.470E+00           +5.391E-02 
        2024/02/02_PM_02:31:33     44.5           +7.665E+00           +5.287E-02 
        2024/02/02_PM_02:31:33     45.0           +1.013E+01           +5.246E-02 
        2024/02/02_PM_02:31:34     45.5           +6.067E+00           +5.283E-02 
        2024/02/02_PM_02:31:34     46.0           +6.134E+00           +5.278E-02 
        2024/02/02_PM_02:31:35     46.5           +9.995E+00           +5.243E-02 
        2024/02/02_PM_02:31:35     47.0           +1.612E+01           +5.134E-02 
        2024/02/02_PM_02:31:36     47.5           +1.419E+01           +5.263E-02 
        2024/02/02_PM_02:31:36     48.0           +1.559E+01           +5.149E-02 
        2024/02/02_PM_02:31:36     48.5           +1.432E+01           +5.268E-02 
        2024/02/02_PM_02:31:37     49.0           +1.685E+01           +5.174E-02 
        2024/02/02_PM_02:31:37     49.5           +1.552E+01           +5.174E-02 
        2024/02/02_PM_02:31:38     50.0           +1.465E+01           +5.164E-02 
        2024/02/02_PM_02:31:38     50.5           +1.678E+01           +5.169E-02 
        2024/02/02_PM_02:31:39     51.0           +2.138E+01           +5.065E-02 
        2024/02/02_PM_02:31:39     51.5           +2.105E+01           +5.085E-02 
        2024/02/02_PM_02:31:40     52.0           +2.211E+01           +5.075E-02 
        2024/02/02_PM_02:31:40     52.5           +1.951E+01           +5.144E-02 
        2024/02/02_PM_02:31:41     53.0           +1.772E+01           +5.154E-02 
        2024/02/02_PM_02:31:41     53.5           +1.905E+01           +5.184E-02 
        2024/02/02_PM_02:31:42     54.0           +1.985E+01           +5.105E-02 
        2024/02/02_PM_02:31:42     54.5           +1.805E+01           +5.159E-02 
        2024/02/02_PM_02:31:43     55.0           +1.785E+01           +5.139E-02 
        2024/02/02_PM_02:31:43     55.5           +1.852E+01           +5.164E-02 
        2024/02/02_PM_02:31:44     56.0           +1.545E+01           +5.179E-02 
        2024/02/02_PM_02:31:44     56.5           +1.698E+01           +5.218E-02 
        2024/02/02_PM_02:31:45     57.0           +1.565E+01           +5.223E-02 
        2024/02/02_PM_02:31:45     57.5           +1.412E+01           +5.164E-02 
        2024/02/02_PM_02:31:46     58.0           +1.911E+01           +5.139E-02 
        2024/02/02_PM_02:31:46     58.5           +1.845E+01           +5.134E-02 
        2024/02/02_PM_02:31:47     59.0           +1.705E+01           +5.174E-02 
        2024/02/02_PM_02:31:47     59.5           +1.619E+01           +5.248E-02 
        2024/02/02_PM_02:31:48     60.0           +1.911E+01           +5.085E-02 
        2024/02/02_PM_02:31:48     60.5           +1.672E+01           +5.184E-02 
        2024/02/02_PM_02:31:49     61.0           +1.459E+01           +5.208E-02 
        2024/02/02_PM_02:31:49     61.5           +1.186E+01           +5.273E-02 
        2024/02/02_PM_02:31:50     62.0           +9.928E+00           +5.287E-02 
        2024/02/02_PM_02:31:50     62.5           +6.800E+00           +5.406E-02 
        2024/02/02_PM_02:31:51     63.0           +7.266E+00           +5.391E-02 
        2024/02/02_PM_02:31:51     63.5           +6.600E+00           +5.376E-02 
        2024/02/02_PM_02:31:52     64.0           +4.603E+00           +5.357E-02 
        2024/02/02_PM_02:31:52     64.5           +8.597E+00           +5.292E-02 
        2024/02/02_PM_02:31:52     65.0           +1.206E+01           +5.292E-02 
        2024/02/02_PM_02:31:53     65.5           +1.406E+01           +5.090E-02 
        2024/02/02_PM_02:31:53     66.0           +1.372E+01           +5.243E-02 
        2024/02/02_PM_02:31:54     66.5           +1.133E+01           +5.213E-02 
        2024/02/02_PM_02:31:54     67.0           +1.226E+01           +5.213E-02 
        2024/02/02_PM_02:31:55     67.5           +9.063E+00           +5.327E-02 
        2024/02/02_PM_02:31:55     68.0           +7.798E+00           +5.278E-02 
        2024/02/02_PM_02:31:56     68.5           +8.264E+00           +5.292E-02 
        2024/02/02_PM_02:31:56     69.0           +9.928E+00           +5.322E-02 
        2024/02/02_PM_02:31:57     69.5           +4.470E+00           +5.342E-02 
        2024/02/02_PM_02:31:57     70.0           +4.669E+00           +5.381E-02 
        2024/02/02_PM_02:31:58     70.5           +5.801E+00           +5.263E-02 
        2024/02/02_PM_02:31:58     71.0           +8.863E+00           +5.243E-02 
        2024/02/02_PM_02:31:59     71.5           +9.462E+00           +5.184E-02 
        2024/02/02_PM_02:31:59     72.0           +1.099E+01           +5.253E-02 
        2024/02/02_PM_02:32:00     72.5           +8.198E+00           +5.174E-02 
        2024/02/02_PM_02:32:00     73.0           +1.186E+01           +5.258E-02 
        2024/02/02_PM_02:32:01     73.5           +1.039E+01           +5.248E-02 
        2024/02/02_PM_02:32:01     74.0           +5.868E+00           +5.337E-02 
        2024/02/02_PM_02:32:02     74.5           +9.862E+00           +5.307E-02 
        2024/02/02_PM_02:32:02     75.0           +6.467E+00           +5.248E-02 
        2024/02/02_PM_02:32:03     75.5           +4.004E+00           +5.366E-02 
        2024/02/02_PM_02:32:03     76.0           +6.667E+00           +5.292E-02 
        2024/02/02_PM_02:32:04     76.5           +6.933E+00           +5.283E-02 
        2024/02/02_PM_02:32:04     77.0           +6.533E+00           +5.302E-02 
        2024/02/02_PM_02:32:05     77.5           +8.530E+00           +5.223E-02 
        2024/02/02_PM_02:32:05     78.0           +1.019E+01           +5.278E-02 
        2024/02/02_PM_02:32:06     78.5           +6.800E+00           +5.258E-02 
        2024/02/02_PM_02:32:06     79.0           +7.865E+00           +5.307E-02 
        2024/02/02_PM_02:32:07     79.5           +6.533E+00           +5.342E-02 
        2024/02/02_PM_02:32:07     80.0           +6.866E+00           +5.391E-02 
        2024/02/02_PM_02:32:08     80.5           +1.059E+01           +5.283E-02 
        2024/02/02_PM_02:32:08     81.0           +1.206E+01           +5.179E-02 
        2024/02/02_PM_02:32:08     81.5           +6.334E+00           +5.357E-02 
        2024/02/02_PM_02:32:09     82.0           +8.464E+00           +5.292E-02 
        2024/02/02_PM_02:32:09     82.5           +9.329E+00           +5.283E-02 
        2024/02/02_PM_02:32:10     83.0           +1.419E+01           +5.253E-02 
        2024/02/02_PM_02:32:10     83.5           +1.086E+01           +5.204E-02 
        2024/02/02_PM_02:32:11     84.0           +1.093E+01           +5.312E-02 
        2024/02/02_PM_02:32:11     84.5           +1.126E+01           +5.189E-02 
        2024/02/02_PM_02:32:12     85.0           +6.267E+00           +5.317E-02 
        2024/02/02_PM_02:32:12     85.5           +6.800E+00           +5.381E-02 
        2024/02/02_PM_02:32:13     86.0           +5.801E+00           +5.337E-02 
        2024/02/02_PM_02:32:13     86.5           +5.801E+00           +5.283E-02 
        2024/02/02_PM_02:32:14     87.0           +2.073E+00           +5.445E-02 
        2024/02/02_PM_02:32:14     87.5           +2.140E+00           +5.297E-02 
        2024/02/02_PM_02:32:15     88.0           +8.085E-01           +5.362E-02 
        2024/02/02_PM_02:32:15     88.5           +6.001E+00           +5.322E-02 
        2024/02/02_PM_02:32:16     89.0           +6.600E+00           +5.297E-02 
        2024/02/02_PM_02:32:16     89.5           +6.334E+00           +5.248E-02 
        2024/02/02_PM_02:32:17     90.0           +1.126E+01           +5.238E-02 
        2024/02/02_PM_02:32:17     90.5           +1.166E+01           +5.149E-02 
        2024/02/02_PM_02:32:18     91.0           +1.006E+01           +5.233E-02 
        2024/02/02_PM_02:32:18     91.5           +7.665E+00           +5.297E-02 
        2024/02/02_PM_02:32:19     92.0           +5.735E+00           +5.317E-02 
        2024/02/02_PM_02:32:19     92.5           +8.797E+00           +5.292E-02 
        2024/02/02_PM_02:32:20     93.0           +1.059E+01           +5.253E-02 
        2024/02/02_PM_02:32:20     93.5           +1.412E+01           +5.208E-02 
        2024/02/02_PM_02:32:21     94.0           +1.173E+01           +5.194E-02 
        2024/02/02_PM_02:32:21     94.5           +7.732E+00           +5.283E-02 
        2024/02/02_PM_02:32:22     95.0           +1.019E+01           +5.276E-02 
        2024/02/02_PM_02:32:22     95.5           +5.402E+00           +5.287E-02 
        2024/02/02_PM_02:32:23     96.0           +6.600E+00           +5.327E-02 
        2024/02/02_PM_02:32:23     96.5           +6.667E+00           +5.322E-02 
        2024/02/02_PM_02:32:23     97.0           +5.468E+00           +5.278E-02 
        2024/02/02_PM_02:32:24     97.5           +6.999E+00           +5.243E-02 
        2024/02/02_PM_02:32:24     98.0           +2.473E+00           +5.302E-02 
        2024/02/02_PM_02:32:25     98.5           +2.473E+00           +5.362E-02 
        2024/02/02_PM_02:32:25     99.0           -9.888E-01           +5.416E-02 
        2024/02/02_PM_02:32:26     99.5           -1.388E+00           +5.450E-02 
        2024/02/02_PM_02:32:26    100.0           +3.005E+00           +5.436E-02 
        2024/02/02_PM_02:32:27    100.5           +6.754E-01           +5.297E-02 
        2024/02/02_PM_02:32:27    101.0           +4.070E+00           +5.327E-02 
        2024/02/02_PM_02:32:28    101.5           -5.894E-01           +5.366E-02 
        2024/02/02_PM_02:32:28    102.0           +3.425E-01           +5.436E-02 
        2024/02/02_PM_02:32:29    102.5           -2.054E+00           +5.391E-02 
        2024/02/02_PM_02:32:29    103.0           -4.983E+00           +5.505E-02 
        2024/02/02_PM_02:32:30    103.5           -4.517E+00           +5.524E-02 
        2024/02/02_PM_02:32:30    104.0           -4.317E+00           +5.426E-02 
        2024/02/02_PM_02:32:31    104.5           -9.222E-01           +5.426E-02 
        2024/02/02_PM_02:32:31    105.0           -3.897E-01           +5.352E-02 
        2024/02/02_PM_02:32:32    105.5           +3.425E-01           +5.357E-02 
        2024/02/02_PM_02:32:32    106.0           +4.270E+00           +5.322E-02 
        2024/02/02_PM_02:32:33    106.5           +1.208E+00           +5.312E-02 
        2024/02/02_PM_02:32:33    107.0           +5.535E+00           +5.263E-02 
        2024/02/02_PM_02:32:34    107.5           +5.335E+00           +5.248E-02 
        2024/02/02_PM_02:32:34    108.0           +6.733E+00           +5.238E-02 
        2024/02/02_PM_02:32:35    108.5           +9.063E+00           +5.208E-02 
        2024/02/02_PM_02:32:35    109.0           +1.019E+01           +5.139E-02 
        2024/02/02_PM_02:32:36    109.5           +7.199E+00           +5.233E-02 
        2024/02/02_PM_02:32:36    110.0           +9.329E+00           +5.213E-02 
        2024/02/02_PM_02:32:37    110.5           +4.403E+00           +5.283E-02 
        2024/02/02_PM_02:32:37    111.0           +2.672E+00           +5.357E-02 
        2024/02/02_PM_02:32:38    111.5           +2.672E+00           +5.352E-02 
        2024/02/02_PM_02:32:38    112.0           +7.627E-02           +5.362E-02 
        2024/02/02_PM_02:32:38    112.5           +5.535E+00           +5.263E-02 
        2024/02/02_PM_02:32:39    113.0           +3.937E+00           +5.258E-02 
        2024/02/02_PM_02:32:39    113.5           +4.603E+00           +5.273E-02 
        2024/02/02_PM_02:32:40    114.0           +7.931E+00           +5.204E-02 
        2024/02/02_PM_02:32:40    114.5           +9.263E+00           +5.169E-02 
        2024/02/02_PM_02:32:41    115.0           +1.213E+01           +5.085E-02 
        2024/02/02_PM_02:32:41    115.5           +1.592E+01           +5.016E-02 
        2024/02/02_PM_02:32:42    116.0           +1.745E+01           +5.001E-02 
        2024/02/02_PM_02:32:42    116.5           +1.505E+01           +5.016E-02 
        2024/02/02_PM_02:32:43    117.0           +1.599E+01           +5.070E-02 
        2024/02/02_PM_02:32:43    117.5           +1.266E+01           +5.075E-02 
        2024/02/02_PM_02:32:44    118.0           +1.399E+01           +5.208E-02 
        2024/02/02_PM_02:32:44    118.5           +1.186E+01           +5.164E-02 
        2024/02/02_PM_02:32:45    119.0           +1.419E+01           +5.179E-02 
        2024/02/02_PM_02:32:45    119.5           +1.106E+01           +5.105E-02 
        2024/02/02_PM_02:32:46    120.0           +1.272E+01           +5.120E-02 
        2024/02/02_PM_02:32:46    120.5           +1.013E+01           +5.164E-02 
        2024/02/02_PM_02:32:47    121.0           +6.400E+00           +5.213E-02 
        2024/02/02_PM_02:32:47    121.5           +5.402E+00           +5.292E-02 
        2024/02/02_PM_02:32:48    122.0           +4.403E+00           +5.248E-02 
        2024/02/02_PM_02:32:48    122.5           +5.801E+00           +5.263E-02 
        2024/02/02_PM_02:32:49    123.0           +8.530E+00           +5.169E-02 
        2024/02/02_PM_02:32:49    123.5           +4.936E+00           +5.263E-02 
        2024/02/02_PM_02:32:50    124.0           +4.070E+00           +5.189E-02 
        2024/02/02_PM_02:32:50    124.5           +4.470E+00           +5.263E-02 
        2024/02/02_PM_02:32:51    125.0           +5.269E+00           +5.302E-02 
        2024/02/02_PM_02:32:51    125.5           +5.135E+00           +5.228E-02 
        2024/02/02_PM_02:32:52    126.0           +4.669E+00           +5.238E-02 
        2024/02/02_PM_02:32:52    126.5           +3.138E+00           +5.228E-02 
        2024/02/02_PM_02:32:53    127.0           +6.533E+00           +5.159E-02 
        2024/02/02_PM_02:32:53    127.5           +5.668E+00           +5.248E-02 
        2024/02/02_PM_02:32:54    128.0           +7.199E+00           +5.139E-02 
        2024/02/02_PM_02:32:54    128.5           +6.267E+00           +5.199E-02 
        2024/02/02_PM_02:32:54    129.0           +6.467E+00           +5.218E-02 
        2024/02/02_PM_02:32:55    129.5           +8.930E+00           +5.159E-02 
        2024/02/02_PM_02:32:55    130.0           +9.329E+00           +5.184E-02 
        2024/02/02_PM_02:32:56    130.5           +1.099E+01           +5.115E-02 
        2024/02/02_PM_02:32:56    131.0           +1.066E+01           +5.120E-02 
        2024/02/02_PM_02:32:57    131.5           +1.179E+01           +5.125E-02 
        2024/02/02_PM_02:32:57    132.0           +1.239E+01           +5.046E-02 
        2024/02/02_PM_02:32:58    132.5           +1.672E+01           +5.021E-02 
        2024/02/02_PM_02:32:58    133.0           +1.552E+01           +5.065E-02 
        2024/02/02_PM_02:32:59    133.5           +1.066E+01           +5.080E-02 
        2024/02/02_PM_02:32:59    134.0           +8.397E+00           +5.179E-02 
        2024/02/02_PM_02:33:00    134.5           +9.396E+00           +5.199E-02 
        2024/02/02_PM_02:33:00    135.0           +6.600E+00           +5.218E-02 
        2024/02/02_PM_02:33:01    135.5           +8.863E+00           +5.253E-02 
        2024/02/02_PM_02:33:01    136.0           +6.001E+00           +5.208E-02 
        2024/02/02_PM_02:33:02    136.5           -9.222E-01           +5.307E-02 
        2024/02/02_PM_02:33:02    137.0           -3.452E+00           +5.421E-02 
        2024/02/02_PM_02:33:03    137.5           +7.627E-02           +5.302E-02 
        2024/02/02_PM_02:33:03    138.0           +3.804E+00           +5.164E-02 
        2024/02/02_PM_02:33:04    138.5           +4.337E+00           +5.184E-02 
        2024/02/02_PM_02:33:04    139.0           +6.533E+00           +5.223E-02 
        2024/02/02_PM_02:33:05    139.5           +4.603E+00           +5.238E-02 
        2024/02/02_PM_02:33:05    140.0           +5.002E+00           +5.248E-02 
        2024/02/02_PM_02:33:06    140.5           +8.464E+00           +5.238E-02 
        2024/02/02_PM_02:33:06    141.0           +6.533E+00           +5.144E-02 
        2024/02/02_PM_02:33:07    141.5           +7.066E+00           +5.144E-02 
        2024/02/02_PM_02:33:07    142.0           +4.070E+00           +5.174E-02 
        2024/02/02_PM_02:33:08    142.5           +3.937E+00           +5.164E-02 
        2024/02/02_PM_02:33:08    143.0           +4.936E+00           +5.208E-02 
        2024/02/02_PM_02:33:09    143.5           +2.872E+00           +5.213E-02 
        2024/02/02_PM_02:33:09    144.0           +5.269E+00           +5.144E-02 
        2024/02/02_PM_02:33:09    144.5           +3.738E+00           +5.204E-02 
        2024/02/02_PM_02:33:10    145.0           +6.400E+00           +5.090E-02 
        2024/02/02_PM_02:33:10    145.5           +4.536E+00           +5.194E-02 
        2024/02/02_PM_02:33:11    146.0           +6.754E-01           +5.233E-02 
        2024/02/02_PM_02:33:11    146.5           -1.388E+00           +5.233E-02 
        2024/02/02_PM_02:33:12    147.0           -2.254E+00           +5.307E-02 
        2024/02/02_PM_02:33:12    147.5           -7.225E-01           +5.263E-02 
        2024/02/02_PM_02:33:13    148.0           -2.387E+00           +5.297E-02 
        2024/02/02_PM_02:33:13    148.5           +4.091E-01           +5.199E-02 
        2024/02/02_PM_02:33:14    149.0           -9.888E-01           +5.371E-02 
        2024/02/02_PM_02:33:14    149.5           +2.760E-01           +5.238E-02 
        2024/02/02_PM_02:33:15    150.0           +9.704E-03           +5.307E-02 
        2024/02/02_PM_02:33:15    150.5           -3.585E+00           +5.352E-02 
        2024/02/02_PM_02:33:16    151.0           -1.322E+00           +5.263E-02 
        2024/02/02_PM_02:33:16    151.5           -3.652E+00           +5.431E-02 
        2024/02/02_PM_02:33:17    152.0           -1.234E-01           +5.228E-02 
        2024/02/02_PM_02:33:17    152.5           -2.720E+00           +5.228E-02 
        2024/02/02_PM_02:33:18    153.0           -1.588E+00           +5.292E-02 
        2024/02/02_PM_02:33:18    153.5           +2.806E+00           +5.218E-02 
        2024/02/02_PM_02:33:19    154.0           +1.874E+00           +5.228E-02 
        2024/02/02_PM_02:33:19    154.5           -1.388E+00           +5.292E-02 
        2024/02/02_PM_02:33:20    155.0           -4.251E+00           +5.322E-02 
        2024/02/02_PM_02:33:20    155.5           -2.653E+00           +5.312E-02 
        2024/02/02_PM_02:33:21    156.0           -3.851E+00           +5.406E-02 
        2024/02/02_PM_02:33:21    156.5           -5.686E-02           +5.278E-02 
        2024/02/02_PM_02:33:22    157.0           +2.760E-01           +5.278E-02 
        2024/02/02_PM_02:33:22    157.5           +1.474E+00           +5.243E-02 
        2024/02/02_PM_02:33:23    158.0           +3.804E+00           +5.134E-02 
        2024/02/02_PM_02:33:23    158.5           +2.406E+00           +5.189E-02 
        2024/02/02_PM_02:33:24    159.0           +5.069E+00           +5.194E-02 
        2024/02/02_PM_02:33:24    159.5           +6.334E+00           +5.154E-02 
        2024/02/02_PM_02:33:24    160.0           +7.865E+00           +5.095E-02 
        2024/02/02_PM_02:33:25    160.5           +9.729E+00           +5.149E-02 
        2024/02/02_PM_02:33:25    161.0           +1.159E+01           +5.065E-02 
        2024/02/02_PM_02:33:26    161.5           +1.146E+01           +5.090E-02 
        2024/02/02_PM_02:33:26    162.0           +1.133E+01           +5.144E-02 
        2024/02/02_PM_02:33:27    162.5           +6.067E+00           +5.115E-02 
        2024/02/02_PM_02:33:27    163.0           +4.803E+00           +5.194E-02 
        2024/02/02_PM_02:33:28    163.5           -1.521E+00           +5.292E-02 
        2024/02/02_PM_02:33:28    164.0           -5.894E-01           +5.283E-02 
        2024/02/02_PM_02:33:29    164.5           -1.234E-01           +5.292E-02 
        2024/02/02_PM_02:33:29    165.0           -1.388E+00           +5.317E-02 
        2024/02/02_PM_02:33:30    165.5           +3.072E+00           +5.233E-02 
        2024/02/02_PM_02:33:30    166.0           +5.402E+00           +5.144E-02 
        2024/02/02_PM_02:33:31    166.5           +4.270E+00           +5.243E-02 
        2024/02/02_PM_02:33:31    167.0           +3.138E+00           +5.184E-02 
        2024/02/02_PM_02:33:32    167.5           +5.601E+00           +5.204E-02 
        2024/02/02_PM_02:33:32    168.0           +2.073E+00           +5.273E-02 
        2024/02/02_PM_02:33:33    168.5           +2.206E+00           +5.218E-02 
        2024/02/02_PM_02:33:33    169.0           +2.760E-01           +5.238E-02 
        2024/02/02_PM_02:33:34    169.5           -9.888E-01           +5.278E-02 
        2024/02/02_PM_02:33:34    170.0           -2.986E+00           +5.362E-02 
        2024/02/02_PM_02:33:35    170.5           -3.319E+00           +5.322E-02 
        2024/02/02_PM_02:33:35    171.0           -1.921E+00           +5.268E-02 
        2024/02/02_PM_02:33:36    171.5           +2.094E-01           +5.302E-02 
        2024/02/02_PM_02:33:36    172.0           -2.187E+00           +5.302E-02 
        2024/02/02_PM_02:33:37    172.5           -2.720E+00           +5.263E-02 
        2024/02/02_PM_02:33:37    173.0           +1.674E+00           +5.213E-02 
        2024/02/02_PM_02:33:38    173.5           +2.672E+00           +5.213E-02 
        2024/02/02_PM_02:33:38    174.0           +3.471E+00           +5.243E-02 
        2024/02/02_PM_02:33:38    174.5           +7.199E+00           +5.149E-02 
        2024/02/02_PM_02:33:39    175.0           +5.402E+00           +5.169E-02 
        2024/02/02_PM_02:33:39    175.5           +3.804E+00           +5.218E-02 
        2024/02/02_PM_02:33:40    176.0           +1.740E+00           +5.238E-02 
        2024/02/02_PM_02:33:40    176.5           +2.340E+00           +5.204E-02 
        2024/02/02_PM_02:33:41    177.0           +5.269E+00           +5.169E-02 
        2024/02/02_PM_02:33:41    177.5           +4.669E+00           +5.184E-02 
        2024/02/02_PM_02:33:42    178.0           +2.606E+00           +5.213E-02 
        2024/02/02_PM_02:33:42    178.5           +5.668E+00           +5.204E-02 
        2024/02/02_PM_02:33:43    179.0           +6.201E+00           +5.159E-02 
        2024/02/02_PM_02:33:43    179.5           +8.331E+00           +5.125E-02 
        2024/02/02_PM_02:33:44    180.0           +6.400E+00           +5.189E-02 
        2024/02/02_PM_02:33:44    180.5           +4.470E+00           +5.228E-02 
        2024/02/02_PM_02:33:45    181.0           +1.807E+00           +5.164E-02 
        2024/02/02_PM_02:33:45    181.5           +2.206E+00           +5.273E-02 
        2024/02/02_PM_02:33:46    182.0           +4.270E+00           +5.204E-02 
        2024/02/02_PM_02:33:46    182.5           +3.804E+00           +5.228E-02 
        2024/02/02_PM_02:33:47    183.0           +6.999E+00           +5.228E-02 
        2024/02/02_PM_02:33:47    183.5           +8.530E+00           +5.159E-02 
        2024/02/02_PM_02:33:48    184.0           +1.033E+01           +5.075E-02 
        2024/02/02_PM_02:33:48    184.5           +1.632E+01           +5.060E-02 
        2024/02/02_PM_02:33:49    185.0           +1.026E+01           +5.110E-02 
        2024/02/02_PM_02:33:49    185.5           +7.931E+00           +5.164E-02 
        2024/02/02_PM_02:33:50    186.0           +8.464E+00           +5.174E-02 
        2024/02/02_PM_02:33:50    186.5           +6.800E+00           +5.174E-02 
        2024/02/02_PM_02:33:51    187.0           +9.928E+00           +5.139E-02 
        2024/02/02_PM_02:33:51    187.5           +6.533E+00           +5.164E-02 
        2024/02/02_PM_02:33:52    188.0           +1.073E+01           +5.179E-02 
        2024/02/02_PM_02:33:52    188.5           +8.198E+00           +5.184E-02 
        2024/02/02_PM_02:33:53    189.0           +5.269E+00           +5.223E-02 
        2024/02/02_PM_02:33:53    189.5           +6.400E+00           +5.134E-02 
        2024/02/02_PM_02:33:54    190.0           +3.138E+00           +5.228E-02 
        2024/02/02_PM_02:33:54    190.5           +5.202E+00           +5.233E-02 
        2024/02/02_PM_02:33:54    191.0           +3.005E+00           +5.233E-02 
        2024/02/02_PM_02:33:55    191.5           +4.536E+00           +5.283E-02 
        2024/02/02_PM_02:33:55    192.0           +3.405E+00           +5.189E-02 
        2024/02/02_PM_02:33:56    192.5           +8.730E+00           +5.134E-02 
        2024/02/02_PM_02:33:56    193.0           +8.863E+00           +5.213E-02 
        2024/02/02_PM_02:33:57    193.5           +7.132E+00           +5.184E-02 
        2024/02/02_PM_02:33:57    194.0           +9.529E+00           +5.139E-02 
        2024/02/02_PM_02:33:58    194.5           +9.063E+00           +5.208E-02 
        2024/02/02_PM_02:33:58    195.0           +3.272E+00           +5.292E-02 
        2024/02/02_PM_02:33:59    195.5           +4.203E+00           +5.238E-02 
        2024/02/02_PM_02:33:59    196.0           +5.002E+00           +5.263E-02 
        2024/02/02_PM_02:34:00    196.5           +8.397E+00           +5.297E-02 
        2024/02/02_PM_02:34:00    197.0           +9.529E+00           +5.164E-02 
        2024/02/02_PM_02:34:01    197.5           +6.134E+00           +5.199E-02 
        2024/02/02_PM_02:34:01    198.0           +1.013E+01           +5.120E-02 
        2024/02/02_PM_02:34:02    198.5           +1.086E+01           +5.110E-02 
        2024/02/02_PM_02:34:02    199.0           +6.800E+00           +5.297E-02 
        2024/02/02_PM_02:34:03    199.5           +2.939E+00           +5.273E-02 
        2024/02/02_PM_02:34:03    200.0           +1.607E+00           +5.278E-02 
        2024/02/02_PM_02:34:04    200.5           +6.800E+00           +5.218E-02 
        2024/02/02_PM_02:34:04    201.0           +9.995E+00           +5.134E-02 
        2024/02/02_PM_02:34:05    201.5           +1.046E+01           +5.174E-02 
        2024/02/02_PM_02:34:05    202.0           +8.397E+00           +5.189E-02 
        2024/02/02_PM_02:34:06    202.5           +8.863E+00           +5.233E-02 
        2024/02/02_PM_02:34:06    203.0           +7.665E+00           +5.243E-02 
        2024/02/02_PM_02:34:07    203.5           +8.264E+00           +5.233E-02 
        2024/02/02_PM_02:34:07    204.0           +8.597E+00           +5.179E-02 
        2024/02/02_PM_02:34:08    204.5           +8.597E+00           +5.228E-02 
        2024/02/02_PM_02:34:08    205.0           +5.202E+00           +5.416E-02 
        2024/02/02_PM_02:34:08    205.5           +5.002E+00           +5.258E-02 
        2024/02/02_PM_02:34:09    206.0           +4.203E+00           +5.258E-02 
        2024/02/02_PM_02:34:09    206.5           +6.467E+00           +5.233E-02 
        2024/02/02_PM_02:34:10    207.0           +7.732E+00           +5.169E-02 
        2024/02/02_PM_02:34:10    207.5           +5.069E+00           +5.278E-02 
        2024/02/02_PM_02:34:11    208.0           +5.601E+00           +5.297E-02 
        2024/02/02_PM_02:34:11    208.5           +3.538E+00           +5.184E-02 
        2024/02/02_PM_02:34:12    209.0           +9.729E+00           +5.213E-02 
        2024/02/02_PM_02:34:12    209.5           +9.729E+00           +5.159E-02 
        2024/02/02_PM_02:34:13    210.0           +7.798E+00           +5.273E-02 
        2024/02/02_PM_02:34:13    210.5           +7.865E+00           +5.213E-02 
        2024/02/02_PM_02:34:14    211.0           +1.419E+01           +5.144E-02 
        2024/02/02_PM_02:34:14    211.5           +1.572E+01           +5.125E-02 
        2024/02/02_PM_02:34:15    212.0           +1.465E+01           +5.065E-02 
        2024/02/02_PM_02:34:15    212.5           +1.545E+01           +5.100E-02 
        2024/02/02_PM_02:34:16    213.0           +1.698E+01           +5.075E-02 
        2024/02/02_PM_02:34:16    213.5           +1.479E+01           +5.139E-02 
        2024/02/02_PM_02:34:17    214.0           +1.426E+01           +5.149E-02 
        2024/02/02_PM_02:34:17    214.5           +1.419E+01           +5.189E-02 
        2024/02/02_PM_02:34:18    215.0           +1.332E+01           +5.169E-02 
        2024/02/02_PM_02:34:18    215.5           +1.206E+01           +5.164E-02 
        2024/02/02_PM_02:34:19    216.0           +1.119E+01           +5.208E-02 
        2024/02/02_PM_02:34:19    216.5           +7.865E+00           +5.287E-02 
        2024/02/02_PM_02:34:20    217.0           +4.470E+00           +5.307E-02 
        2024/02/02_PM_02:34:20    217.5           +3.471E+00           +5.337E-02 
        2024/02/02_PM_02:34:21    218.0           +6.334E+00           +5.347E-02 
        2024/02/02_PM_02:34:21    218.5           +7.066E+00           +5.302E-02 
        2024/02/02_PM_02:34:22    219.0           +5.269E+00           +5.297E-02 
        2024/02/02_PM_02:34:22    219.5           +3.604E+00           +5.342E-02 
        2024/02/02_PM_02:34:23    220.0           +3.738E+00           +5.287E-02 
        2024/02/02_PM_02:34:23    220.5           +6.533E+00           +5.218E-02 
        2024/02/02_PM_02:34:24    221.0           +7.066E+00           +5.312E-02 
        2024/02/02_PM_02:34:24    221.5           +5.402E+00           +5.317E-02 
        2024/02/02_PM_02:34:24    222.0           +7.266E+00           +5.268E-02 
        2024/02/02_PM_02:34:25    222.5           +1.013E+01           +5.268E-02 
        2024/02/02_PM_02:34:25    223.0           +5.468E+00           +5.287E-02 
        2024/02/02_PM_02:34:26    223.5           +7.931E+00           +5.278E-02 
        2024/02/02_PM_02:34:26    224.0           +4.470E+00           +5.322E-02 
        2024/02/02_PM_02:34:27    224.5           +8.751E-01           +5.411E-02 
        2024/02/02_PM_02:34:27    225.0           +3.425E-01           +5.460E-02 
        2024/02/02_PM_02:34:28    225.5           -3.718E+00           +5.450E-02 
        2024/02/02_PM_02:34:28    226.0           -1.189E+00           +5.455E-02 
        2024/02/02_PM_02:34:29    226.5           +1.274E+00           +5.406E-02 
        2024/02/02_PM_02:34:29    227.0           +4.936E+00           +5.362E-02 
        2024/02/02_PM_02:34:30    227.5           +3.338E+00           +5.312E-02 
        2024/02/02_PM_02:34:30    228.0           +4.803E+00           +5.396E-02 
        2024/02/02_PM_02:34:31    228.5           +6.733E+00           +5.312E-02 
        2024/02/02_PM_02:34:31    229.0           +7.066E+00           +5.307E-02 
        2024/02/02_PM_02:34:32    229.5           +7.665E+00           +5.332E-02 
        2024/02/02_PM_02:34:32    230.0           +9.462E+00           +5.248E-02 
        2024/02/02_PM_02:34:33    230.5           +1.079E+01           +5.243E-02 
        2024/02/02_PM_02:34:33    231.0           +1.139E+01           +5.243E-02 
        2024/02/02_PM_02:34:34    231.5           +1.139E+01           +5.233E-02 
        2024/02/02_PM_02:34:34    232.0           +1.093E+01           +5.273E-02 
        2024/02/02_PM_02:34:35    232.5           +1.173E+01           +5.228E-02 
        2024/02/02_PM_02:34:35    233.0           +1.379E+01           +5.154E-02 
        2024/02/02_PM_02:34:36    233.5           +1.379E+01           +5.283E-02 
        2024/02/02_PM_02:34:36    234.0           +1.332E+01           +5.263E-02 
        2024/02/02_PM_02:34:37    234.5           +1.259E+01           +5.273E-02 
        2024/02/02_PM_02:34:37    235.0           +1.372E+01           +5.189E-02 
        2024/02/02_PM_02:34:38    235.5           +1.213E+01           +5.263E-02 
        2024/02/02_PM_02:34:38    236.0           +1.079E+01           +5.278E-02 
        2024/02/02_PM_02:34:39    236.5           +8.730E+00           +5.283E-02 
        2024/02/02_PM_02:34:39    237.0           +7.998E+00           +5.337E-02 
        2024/02/02_PM_02:34:39    237.5           +8.664E+00           +5.278E-02 
        2024/02/02_PM_02:34:40    238.0           +9.263E+00           +5.327E-02 
        2024/02/02_PM_02:34:40    238.5           +9.662E+00           +5.278E-02 
        2024/02/02_PM_02:34:41    239.0           +1.179E+01           +5.297E-02 
        2024/02/02_PM_02:34:41    239.5           +1.439E+01           +5.208E-02 
        2024/02/02_PM_02:34:42    240.0           +1.579E+01           +5.213E-02 
        2024/02/02_PM_02:34:42    240.5           +1.485E+01           +5.253E-02 
        2024/02/02_PM_02:34:43    241.0           +1.232E+01           +5.283E-02 
        2024/02/02_PM_02:34:43    241.5           +1.086E+01           +5.292E-02 
        2024/02/02_PM_02:34:44    242.0           +8.797E+00           +5.371E-02 
        2024/02/02_PM_02:34:44    242.5           +8.664E+00           +5.327E-02 
        2024/02/02_PM_02:34:45    243.0           +1.139E+01           +5.283E-02 
        2024/02/02_PM_02:34:45    243.5           +1.299E+01           +5.243E-02 
        2024/02/02_PM_02:34:46    244.0           +1.312E+01           +5.243E-02 
        2024/02/02_PM_02:34:46    244.5           +1.106E+01           +5.253E-02 
        2024/02/02_PM_02:34:47    245.0           +1.312E+01           +5.268E-02 
        2024/02/02_PM_02:34:47    245.5           +1.685E+01           +5.218E-02 
        2024/02/02_PM_02:34:48    246.0           +1.645E+01           +5.238E-02 
        2024/02/02_PM_02:34:48    246.5           +1.892E+01           +5.248E-02 
        2024/02/02_PM_02:34:49    247.0           +1.632E+01           +5.208E-02 
        2024/02/02_PM_02:34:49    247.5           +1.479E+01           +5.258E-02 
        2024/02/02_PM_02:34:50    248.0           +1.459E+01           +5.243E-02 
        2024/02/02_PM_02:34:50    248.5           +1.146E+01           +5.292E-02 
        2024/02/02_PM_02:34:51    249.0           +1.392E+01           +5.263E-02 
        2024/02/02_PM_02:34:51    249.5           +1.359E+01           +5.283E-02 
        2024/02/02_PM_02:34:52    250.0           +8.996E+00           +5.322E-02 
        2024/02/02_PM_02:34:52    250.5           +9.063E+00           +5.347E-02 
        2024/02/02_PM_02:34:53    251.0           +4.004E+00           +5.475E-02 
        2024/02/02_PM_02:34:53    251.5           +3.072E+00           +5.441E-02 
        2024/02/02_PM_02:34:54    252.0           +9.130E+00           +5.357E-02 
        2024/02/02_PM_02:34:54    252.5           +4.270E+00           +5.450E-02 
        2024/02/02_PM_02:34:55    253.0           +8.930E+00           +5.366E-02 
        2024/02/02_PM_02:34:55    253.5           +1.332E+01           +5.268E-02 
        2024/02/02_PM_02:34:56    254.0           +1.146E+01           +5.480E-02 
        2024/02/02_PM_02:34:56    254.5           +1.319E+01           +5.366E-02 
        2024/02/02_PM_02:34:56    255.0           +1.366E+01           +5.332E-02 
        2024/02/02_PM_02:34:57    255.5           +1.426E+01           +5.233E-02 
        2024/02/02_PM_02:34:57    256.0           +2.058E+01           +5.238E-02 
        2024/02/02_PM_02:34:58    256.5           +2.144E+01           +5.208E-02 
        2024/02/02_PM_02:34:58    257.0           +1.858E+01           +5.213E-02 
        2024/02/02_PM_02:34:59    257.5           +1.792E+01           +5.337E-02 
        2024/02/02_PM_02:34:59    258.0           +1.406E+01           +5.312E-02 
        2024/02/02_PM_02:35:00    258.5           +1.692E+01           +5.283E-02 
        2024/02/02_PM_02:35:00    259.0           +2.011E+01           +5.199E-02 
        2024/02/02_PM_02:35:01    259.5           +2.191E+01           +5.159E-02 
        2024/02/02_PM_02:35:01    260.0           +1.825E+01           +5.292E-02 
        2024/02/02_PM_02:35:02    260.5           +1.998E+01           +5.268E-02 
        2024/02/02_PM_02:35:02    261.0           +1.818E+01           +5.228E-02 
        2024/02/02_PM_02:35:03    261.5           +1.599E+01           +5.292E-02 
        2024/02/02_PM_02:35:03    262.0           +1.858E+01           +5.243E-02 
        2024/02/02_PM_02:35:04    262.5           +1.625E+01           +5.322E-02 
        2024/02/02_PM_02:35:04    263.0           +1.306E+01           +5.347E-02 
        2024/02/02_PM_02:35:05    263.5           +1.512E+01           +5.366E-02 
        2024/02/02_PM_02:35:05    264.0           +1.525E+01           +5.347E-02 
        2024/02/02_PM_02:35:06    264.5           +1.499E+01           +5.386E-02 
        2024/02/02_PM_02:35:06    265.0           +1.346E+01           +5.357E-02 
        2024/02/02_PM_02:35:07    265.5           +1.106E+01           +5.337E-02 
        2024/02/02_PM_02:35:07    266.0           +1.239E+01           +5.411E-02 
        2024/02/02_PM_02:35:08    266.5           +1.951E+01           +5.243E-02 
        2024/02/02_PM_02:35:08    267.0           +1.599E+01           +5.268E-02 
        2024/02/02_PM_02:35:09    267.5           +1.838E+01           +5.218E-02 
        2024/02/02_PM_02:35:09    268.0           +2.065E+01           +5.194E-02 
        2024/02/02_PM_02:35:10    268.5           +2.278E+01           +5.154E-02 
        2024/02/02_PM_02:35:10    269.0           +2.364E+01           +5.139E-02 
        2024/02/02_PM_02:35:11    269.5           +2.537E+01           +5.159E-02 
        2024/02/02_PM_02:35:11    270.0           +2.564E+01           +5.130E-02 
        2024/02/02_PM_02:35:12    270.5           +2.557E+01           +5.164E-02 
        2024/02/02_PM_02:35:12    271.0           +2.491E+01           +5.110E-02 
        2024/02/02_PM_02:35:13    271.5           +2.431E+01           +5.085E-02 
        2024/02/02_PM_02:35:13    272.0           +2.810E+01           +5.130E-02 
        2024/02/02_PM_02:35:13    272.5           +2.730E+01           +5.100E-02 
        2024/02/02_PM_02:35:14    273.0           +2.504E+01           +5.100E-02 
        2024/02/02_PM_02:35:14    273.5           +2.284E+01           +5.184E-02 
        2024/02/02_PM_02:35:15    274.0           +1.812E+01           +5.233E-02 
        2024/02/02_PM_02:35:15    274.5           +2.211E+01           +5.169E-02 
        2024/02/02_PM_02:35:16    275.0           +1.872E+01           +5.248E-02 
        2024/02/02_PM_02:35:16    275.5           +1.872E+01           +5.297E-02 
        2024/02/02_PM_02:35:17    276.0           +1.971E+01           +5.223E-02 
        2024/02/02_PM_02:35:17    276.5           +2.304E+01           +5.213E-02 
        2024/02/02_PM_02:35:18    277.0           +2.058E+01           +5.194E-02 
        2024/02/02_PM_02:35:18    277.5           +2.284E+01           +5.159E-02 
        2024/02/02_PM_02:35:19    278.0           +2.164E+01           +5.248E-02 
        2024/02/02_PM_02:35:19    278.5           +2.178E+01           +5.223E-02 
        2024/02/02_PM_02:35:20    279.0           +2.138E+01           +5.204E-02 
        2024/02/02_PM_02:35:20    279.5           +2.331E+01           +5.179E-02 
        2024/02/02_PM_02:35:21    280.0           +2.278E+01           +5.159E-02 
        2024/02/02_PM_02:35:21    280.5           +1.878E+01           +5.292E-02 
        2024/02/02_PM_02:35:22    281.0           +1.892E+01           +5.248E-02 
        2024/02/02_PM_02:35:22    281.5           +1.592E+01           +5.421E-02 
        2024/02/02_PM_02:35:23    282.0           +1.452E+01           +5.337E-02 
        2024/02/02_PM_02:35:23    282.5           +1.612E+01           +5.357E-02 
        2024/02/02_PM_02:35:24    283.0           +1.532E+01           +5.307E-02 
        2024/02/02_PM_02:35:24    283.5           +1.652E+01           +5.233E-02 
        2024/02/02_PM_02:35:25    284.0           +1.838E+01           +5.406E-02 
        2024/02/02_PM_02:35:25    284.5           +1.965E+01           +5.258E-02 
        2024/02/02_PM_02:35:26    285.0           +1.951E+01           +5.238E-02 
        2024/02/02_PM_02:35:26    285.5           +1.825E+01           +5.263E-02 
        2024/02/02_PM_02:35:27    286.0           +1.965E+01           +5.258E-02 
        2024/02/02_PM_02:35:27    286.5           +2.264E+01           +5.199E-02 
        2024/02/02_PM_02:35:28    287.0           +2.364E+01           +5.169E-02 
        2024/02/02_PM_02:35:28    287.5           +2.244E+01           +5.292E-02 
        2024/02/02_PM_02:35:29    288.0           +2.018E+01           +5.258E-02 
        2024/02/02_PM_02:35:29    288.5           +2.551E+01           +5.189E-02 
        2024/02/02_PM_02:35:30    289.0           +3.063E+01           +5.046E-02 
        2024/02/02_PM_02:35:30    289.5           +2.697E+01           +5.085E-02 
        2024/02/02_PM_02:35:31    290.0           +2.930E+01           +5.179E-02 
        2024/02/02_PM_02:35:31    290.5           +2.764E+01           +5.139E-02 
        2024/02/02_PM_02:35:31    291.0           +2.704E+01           +5.139E-02 
        2024/02/02_PM_02:35:32    291.5           +2.511E+01           +5.164E-02 
        2024/02/02_PM_02:35:32    292.0           +2.371E+01           +5.139E-02 
        2024/02/02_PM_02:35:33    292.5           +2.797E+01           +5.120E-02 
        2024/02/02_PM_02:35:33    293.0           +2.990E+01           +5.080E-02 
        2024/02/02_PM_02:35:34    293.5           +2.917E+01           +5.149E-02 
        2024/02/02_PM_02:35:34    294.0           +2.930E+01           +5.120E-02 
        2024/02/02_PM_02:35:35    294.5           +3.163E+01           +5.120E-02 
        2024/02/02_PM_02:35:35    295.0           +2.883E+01           +5.107E-02 
        2024/02/02_PM_02:35:36    295.5           +2.704E+01           +5.105E-02 
        2024/02/02_PM_02:35:36    296.0           +2.803E+01           +5.184E-02 
        2024/02/02_PM_02:35:37    296.5           +3.170E+01           +5.080E-02 
        2024/02/02_PM_02:35:37    297.0           +2.983E+01           +5.041E-02 
        2024/02/02_PM_02:35:38    297.5           +3.276E+01           +5.031E-02 
        2024/02/02_PM_02:35:38    298.0           +3.456E+01           +5.021E-02 
        2024/02/02_PM_02:35:39    298.5           +3.176E+01           +5.075E-02 
        2024/02/02_PM_02:35:39    299.0           +3.123E+01           +5.090E-02 
        2024/02/02_PM_02:35:40    299.5           +3.103E+01           +5.100E-02 
